x = 4;
y = [7 4];
z = [7; 9];
Matrix = [1 4 6; 2 3 4; 5 6 9];